$ANSIBLE_VAULT;1.1;AES256
63323933393339613135663462343435356532303030313165343034643831636136633264326434
6663343566623461666532393465646339306234363761300a626538303938373337303965333639
34386364376165306238303930316164613735643635376533616536306533386131653133643633
6335396337313966660a626338366162336531663036383766313136306464666566393834373866
34346237643537356331386137336639383730653036653237393039363639393236376563663763
32653361303838613833613138613734633262663038303964643365333935626463343338313037
30323061633430343962303030653432353165343234396631636437633430336165383538373839
65333931396635646338633230653963653735306436303862656139323637333934383835353936
61386532633932376230623139613962376236616436626235366635323466643964626664643739
62633438613564396234356666333564323435393737303165653335656132303363626164333236
35663932333734376232323262666130343264353266306263643333623236393834343634613066
31383833626364336332646637666632323163376239363261313932333933313862343463653438
32343932633264323535646531396333663236346133646563613138623630623536623434336433
66646135613861326338653762363263643666396433363938343239643735636466656465616261
32373265346464363863303566653632383761356534373830626536373437323436353766643033
31303835613538363430386233383436383336393539363266653136623839663935626230616539
31373633373263383861373435633064353866656330343563666161626438303130336139386463
62653439366430623939343433653666326434303466303739333662333335656462383736306537
38336565616130383364313038393637333264613132663962386463303731393434333164663838
64663636396361383639323332373766303166383563616437326666633136363838613139393333
36616362636366633165303734383166356130363035313037663238373535633438363536313765
39323866613638303064613033656139636462633165343464656662386534373465636665323734
30343065386437643838346562343331346339643564616463373862643030653465353361393538
37336566656562353239306233323931383863356638333439653435316163326462343663376566
66323736363738306531303461306632643931663264613261316235633462376235613130303964
39366131343961366233616631653535373736623733396335636165383632643138323631353035
33323865653333363630373736623234636231303965363139366661336261633735663063333339
66313632376135303766386136346632626565373935663264356535623865343163313238613133
37303966373562353166356635343061393062343634613431336164323465346639633437356433
65386563363365336239373231646138303661393332323631666537363332306263393062393035
30316434626666373437313166656361376636333163643566373566656632316135333364363836
61613561363135333364366263373932656638646465353865373366383138303531383564343335
3065
