$ANSIBLE_VAULT;1.1;AES256
65376536656138636130636133356363346364393666393438636231626339376461303932653839
6536643361366264633030643737356161336631316636330a353563343236306637353839333437
61353739373632366136623331373162643264663664623137333866386435333139656238613235
6235636136316165320a353731613533343032303239383837303831326434383138323537393731
33653864353230373966656433613761633730623137376531646264646434333463633935376364
62633130326266323865396335303937666335643430323336313837663234333266386265343762
63636339323239363536333636373335323236653966313231626433396161623232613062633666
64663935313333333636353565373333396562663964336136643532616137663861666435306336
36623465643834313265626235376230303130663566343831373065663539623537313232363437
66336133313035653465323232316633613662343163316362623333666266313361313166313964
31656436653132386166343730346436366136373362393238616235663363646533633665643833
63333834623930643735386438323465393532366333346438363364303031336333333965316135
61646439366162353533303332623233313933356138386632613562393866353863383434393030
35653032373330656361303031646637353439643833333637633864653638636564636362333365
34356464633862623662646630666561396361366132653333356338373137313637306530363532
62343938623731663035353339303338383564643561313833326537636433336133666239383963
32303932626331386333356332393032653361373134313661643066363639646463633238356237
34393236316232663565323336303332346432613833333366646437363862326262373539346366
30316338333638623434626465643239376361643432323931643462633738633762343937356163
33343535663833306335303730393331373364636433393366636231623933653339303432323332
37656232366630643135636138323737316334346331326264386335656332633831366463376533
64653562623066616366323365353234633963363531333262323638383165616236663532326538
33613431323762656232313030623262336463613538646161343335303131346132633766343236
65626334643130393063363365346230643435373162613438383138616438343933386637666566
32386666373237326535383663633530333336373437353265333163393162303064343833356134
38373630303137373639623434323535643734333434636365663938343533353238626564363136
33663238376266343664663664653032323962356264343537353435633633303530633763633130
36356638366438333361646566316538353763633332333331633132656134636461346236636465
62623337333462346563333963333062643237636666303835306537343437623833633739626235
62623966333262666234643930346338366234343338643963363939306231623436373231663961
30323137316466336637353261663561343638303938333434626365643436626531373137616238
31613165386462646638323262663638313030353565346535663365383136666133326238306638
38663333343132343536646630623838376464373834616135613664363938646165343364383661
6234653931666334323730313239343762313538343338643264
