$ANSIBLE_VAULT;1.1;AES256
36303530316665666636393831373163316330636138356135653631313966376533646239326535
3364306666616635303035353532623364303733313630370a623062666131656236613134343330
64333030366138653766656531663130623865623038303764653132326438313439643030393066
3436643431613630630a626563643266383631366538303766363565303337373537353161393436
36373435393863393364306432633435646435303361366166643666306634643536653835323435
38336633613537653766356238633637316137663363336365303036323039366135373539393261
64353036353261303231616161333137303132636565386336613837623038326264313566383439
30316130623664373637303432303665356530633031616433363231366530363532316338633939
32323036323434653838326361653632393139616563626336333165353865643734643261363961
64666534376230626433373137653961666430336134613161386664323736643063303137383063
61336531656433323561633639353531623531626635626434616538373839666531623532653130
65636638333534383434386332633030396666616163373664626464343937333036383236653366
66333432306435363132396266333330663334666365306366613432633133393866343965616438
35623339313766353730333936613437326639356638376664663464396564653435313561663266
39373439393531363836316637363363326465653165313261633231666130303431333333663433
64326661623838616162633261343961326566366161386232356161623434346634326465326632
62326136653564656237346663613036613263373630343333663861656665393731326434663933
35656139376536386465323131666364616565616334323037333737323734363262383462396462
62393262666335333833656233653530383237353038333634383534303932373735366634383839
36643066353462313164356539663361653139373262663065316464653332326465373465313736
31633438643337346363336435303566316462616135633833643839316133656139666131636537
31306662386162646638323436306137306261323436323466636566633064663835636330636136
34386661323066656236353761383134653633633634623939366637343863306338363032643334
38313431646132343438316230613238323232396633616538373133373963643532626237313438
62643166336132643933666135333666316562383265366366303062396335306331356232313333
38363230643338616332353761333962636638303932353835363232356433313838656634326164
30383434353336646435353361623633613832343864356634383066346564323861326361376435
38363535396262396430326438306463366166653836636239626130313364383038656532613864
33323663373337363138313733323063633663393766386337333131396631666334626334353432
30373034383336353364666362626563303333333739383235653534646361336164353931383938
63356439313339656634633837396664306139663836356133393766656461323763326337323339
39313833643037343861323266343662333765616536343935346564383064326332653133663238
32353835356564336136663531306334633231373464656664643666336433316564646430393366
39373366313562653532376336343336383138333736623766623731353133353330656266633864
37346161323037613165303330373337666139353839323266666562333265613664643033613934
39633931623435616133306631376431613539653265313637376334643434333336353234653764
39363438646638616466366663613337306233346464623130373231326434616164613162346232
39383661616161363966646133626261636662633264356139333137636266383763663634353032
62616165636336316138636630336637383030326336656634343866316431373063313231613030
62306566653866666165346130373639353137313135663035633738376164643561313332356365
61323132633832333434646461386436326435396535643164396230333439376636636164653733
35663639363465383735363064613366613130383032353633336266353036356237316438303030
63633137373739363366666538303063376661396261353531643961613132623334303730343064
31343766363435346534366336643963303965663834333637346164666339383834383965643430
31303039393964383662656534353536343932343866363031363863306436613532386435666136
39666664343864396164343565636565353465313635383639393431306339333562363236376164
36333032666261343332653035323561636638373734633465613336626562396130656230356364
61636338303365636232636661636435333565313138633436306637323464393462303764346361
61323361393861303664373432643238346538363936626432643635663036663533336665356565
31386461323230316665306565323236386562383962623639373762656465366239613139333561
35316233623065313734623532653536373535623136336166613863323134326338653562613263
38336631613331373866346332626639343030303835623137613962656231313365653331363964
37353730623635656564386333616564643439393433333763643535383439333933373863373237
64393765613636633365306162646436373065623664333366393830326337663831303935633435
66393139393465616165386633303865356539333434656261393438373863616636653161346339
37343261386333623137343132613534663666396661393865386365633365636133326534323834
34333735303534386134633666373035303335663631373836623134303336323265343531343130
30616164346439326534383233633633633964376638363461393762613535366531613831373035
33336136326138376338636239356531666539316263353636373330356164643037663762653733
31336166356531656261643266326133623933636530313032663135376265343239393534653037
61333532316161313030333637346363376635646363303033616236336439306136303636393865
62316234633531373238656365636538643739626534363366613138353733303038393763313764
39363636306364613433346237396363316565333634306438626665353233633738313833373864
36343733333061356265323666636232383732653330316334656463326536393831663964333462
6335
