$ANSIBLE_VAULT;1.1;AES256
34333536363031653762303961353662656334373765643538626638616362353164326431633561
3737633466333261383433326363323633396136343066650a323163383766383230343262333964
64643663383163323965343365623832313862643663366661353832613766356361353732373231
3465333939346637380a313439623732666532356233346166303332646432313930376430373632
64663765633837666331666536326263633935353539663164323262666236653537643431323839
61386166323065306561386337633331303664313166623831646663353033353934666165356539
66663163616535393763333738643132303562336231303034616134623664316261633232336464
34323665303930633439313033303234303339663233343136393536313630626365303266653066
35383237393865323061653731396534646234613061393636666333656666663765656532613166
61386633363265623233323138316530663261303630333833666536356165343637306533353565
33393666373038343739306631626634626461326235386464356639643033613964643963363939
37366138643431633535353738336162353932326265303039633233326439346634386139633765
34643464386338373733383434396566633839376530313835303334616166646636326238313264
39376536333630636133386363613634613161323039363465316630633434666432666461646565
35343531353637653133333763356166313963643637616233666537643931643235633230633662
31616131393335623664303565323930336564313437333135623262343133643238323038623837
35333661393562653438663234663436383664666138646364393662633038383064643631383136
64306165633634643131386261626663663733626564323939376538643737366634643133656165
36633230653536643061366662383364363464633132333865616163326161653838633633363663
62666161626164366537303830316534333533323831333466353139646464383936353239653032
34313830313535656161623263666366623164333537313334333035656637326530353965383663
33383739643330396264363363396130393863646132653439343037373331613962323662376336
39353836376531373639366634336537346366656235313665643461623235313362336135373430
63303666623366326530353834643331613361643532333034353932363737363262636566663239
63373339353865343864663464633265376437393837643037646333643536343664623636633232
64313661376266306562333530366166303163343130336638376536346138633766626239656664
35303265386336663135663962343666316665636431366463353361663635383931343066663830
65393837616539333537626561663232396531346333336433373866353039353762356539636366
65623864323438616666313536383464303464633663613933356466383264373761343663393533
66366338376462393030643336353434353532323236383637343132333964653335666539333136
30653232393933373430363438643061663862376237353066313465636666333731653832656163
37336363613335333935353865353936666562333466666364313638356139363036386238366139
65383766316634323438333862393861323130356264653937663130383464343238383966393730
61366465313563366436316139653332326363303666303461633166656135666137623563396133
64333163303762326436323933663831393830396665643864613538653664363439366266363835
39346566643032323962383237343331363061393233346437306464383032383262393839356635
31326464663131613163616138616539303733656364343663633865366265386330346236646264
39336662396533366534303630366235383231393464393139656330316335353733396439663266
32323537393634383730356634303636623037346139636137653064353666326165626466343863
62646164626635636364633534343337333430393764613333343065653561396665353164656662
38643064336662313539366631623933326332326563323231623032383931633238653732383737
64373966383335616466636533656537633334353432663731646338316237613031326561393365
63646366323437663738353364323434373435363262643736376463363065333336353561343937
30333463346633396433396633363263333638326539393032666630323736663636373134346435
32663236306231303762653062383963346331383566383161363563366365306362333037373663
33303366666662373863376333643431316238633466633561663562653662663031373464653534
36353437613238386465653036346338343264343361376232326332333963303331343365646236
31323530646562646566356237363161633962396338663566333032663037303366336634356130
37623934376633383865333534313933336565383236343234353232643235656466306230376164
66323061366639633431643235656366356338623638323731303964386531646666363933316538
66373863316432653862633861336261653232356138646430353539663139643937303732636131
30363266393566393765373565613233386635373436393161303837386339343437636437653563
64636439316464616235363162356439663463643231386162663437336362656163393262356266
36626364336139326533363162653764643030383161346639373062646230383632393432366635
32666234396131326332393737343037303366393735666539323233343466353239623363316537
62353161623434336633653438623730363864363833376631343536363063343563643336343831
36653831663937343337623939313164623035636134643762313838363533323064383263353238
38363037613263623061326335373534393464336136383039306238623038623361613336336338
35636263623537363939393431666463636366383436303662336131626538616434323864376633
62366636373232346139333262353461306565383365376162333835316632663964366363316634
34343533343230383332343939346635643937326364646231303938306264353239643132373765
63303530393966303064636532323235313031366136656636316136646530343262343437636638
63666333353566313332363563636135623163356631383537623430643564353938313335353164
62343063303234666562663863303265343435646533343634386562343565666636323164363865
3834
