$ANSIBLE_VAULT;1.1;AES256
63636631343539343938316435353031363032656530616663333365373834333161363136636431
6433656239333638376130653535333230393935663130360a353030353764366135633632323831
62363137303231316663373739346264343962643235373638363662623533383161656661303965
3866386139633939390a393332343666353032303734343935313138336333356435623266613461
63623538643364626432383537343737356336376337393566636665323236323361643762393762
65396664623265653334643330653732336330353838373139343966646431383734663234303263
38306263396137643466323430336530393734373235306238306133306138333435613963623566
64316138623837306532613961656233633538333032386232306138363664396133643062626236
37323766306464383366333063313334623663346135346562366561353239623433356538333666
63633461346630313431633362343066346132653465616362373539613562353565653334373161
65373533356664316530343730396161316237376663653834333731633736613139643661363064
65333362343766383732623631626261346165343265373837323830343963303362623766383765
34383033613863386133376339313763663035323134376465383738353463356364626665623466
33626531313662306161393830343139336131626662643438363062343337663830633731323132
63346131386362313662333535353332656261373331353634373762343663356335643333333932
65366562373862316261396262303933303837343033343365666530323161303964306539613332
35333430643932653930346137643035353137616236376362373837613866333837376530373138
36356232383432336630313266383731383761313235623930613163623838376433373939313334
63303634383632336366626331393630643839656336633933366437653262613238303062613735
63613232313266336331316531353161306633306633373036346332646237306532363035636265
62623830636363363831316466626130363038383366616339646666656463646138393665623262
39353566313865316166343638313431373039333263303531323335383330303335363663336639
30383538613761366466663863313339386639346532313835643130616337396139613631633361
66313064653332376432343865626463316231353966353532303566653232313939386464383934
30366330353761396631343863383761633161666165376530383763636539623639343239383161
61663133666633393831616530616331623263313961646665373763616435326639653765653063
33616430393461643465363761306338343262303335386639303233356430323838616533333238
33353433306162613365363565373934663565356665653461303533343539323230646366623332
62656137663436633761303164323336303138373161396536333331373331646666353338333461
30303266396261373437383735653432303834663137326365303638303461313333653830643534
39343633383635653065663535366431333830663039616663393536323464636232316165663466
31643336633031616534303263386139346665383866393664393565326535613266383535393737
35626666656162656266643931326332303363336266666334626536383865663530366165613931
39343963373361656336633533636330366363393531333761316334306133613535663766633836
35316565396332633231616263613564326635663130376466343936383639633162353736383433
36383031653862633933373830313638633531326336346233643033333034646536373239333562
66626465343562613830313566346362623961313633336139346665633464636537
