$ANSIBLE_VAULT;1.1;AES256
33623738626333633931666235313336613332323865383730393436346335393464633632313739
6463643838666136383339363733663065396666323437640a656237343833636562386130646430
31373231643130373730633837376335326435376666396462306262326432333236333964336339
3332313462616237350a616233393164373264303830353862316463306461303437616239663733
63656337313961336265386266393139363965383366373565653961386464636662316462616364
32663561333263376530643431373735623237626335646337343333643432346161343965386363
38646235623237653135646339633731616139333839303864303536366139343136343064373762
63396365643038653330323337346333663232346232376561366261376331363830653435663162
34353031396665346165386539356561343563343231353163663438663361633532663437343066
65396562666332373161333164663063303863316665333663313365353235313433653061616637
64326232383538633065646632306435333635623530643635653366363638313561306163343030
35386166613939663330313164323030626337643231306138663061393136333364313133393236
66383364353234623539343531633661373432323736366533373738653439366661386535623035
38346466313238386364626334623563636161363636626362336264376134313530636264613332
66343337656364333134643434303832653535373337333561303762396238356438393462643961
65316339633331346564386239623561323138653737666336376139386339636234353433343761
34353237323238353130626561343239326130363237323930666535316163393132623638613535
35303534336432373231316533393430663734633834336630336439633065653237626137633834
35653934363464623739653061383538303034383261663463623030396434663963323863613037
62306364663365316532343566636561653965376535656166356161663261316637326638643935
32623538323735326337326361653732356638613662643233623763353935353436633534303165
63386263386230613335633761346237623636306337303131663962333232666333373735323332
63376539633634376330353863643330376361656335386163396134383633653838666532643133
31386539663331626362653439643539616239643833653038323961313165396663383362306663
31643737633536666630333235626132313533636334396265643238643531333061356535633464
35356539636633323131626439396333363833636335366263306336363561393639303165303731
64633732306436343332633838313465626235343535653433626332373535343730663736666437
30633064616466313663313037386532356431356133343730326339616666383038666561326162
61633232376337363263343661313063336537336661633835626130616366343533376364326666
38616433356662363438333263373239353633626166643738316563303365363861373964393562
666165646433653365653464363763646330
