$ANSIBLE_VAULT;1.1;AES256
31383533306161653462336666383530616431336538633137366666363237306566366664366561
6230666634336232383737396530363361393630393930310a386331303336663732663031346237
37646531323062613938656632646535313335373566376335303831356338613530643634353830
3638313934363730320a613337303062636463616131363234306434333661646638386631656339
34656233373736363330383136383931666566623034353135306433373539636564623861353230
35333236623536666238353665353830636233663730336464386537303862386135613030656261
65343665333632333165343635303835343734613736663066633739653265616364613939636462
35383937326532366464613934616162326362366639623832383266616165346435653461306534
63623430383039643961336635386531656531373333383337383339656631633962656430623632
63383930643236633761643232363439626336383936343637353962313233373238613331633564
31656532626632366565636261623931366535303836326262356331646636316232363566396163
31306565336531653663616262346438393831393633626333633833643637306265643638653239
66373961353735323465303163643335313533653436373231643936633836303933613564616333
62313039623362623135333165376263623635353830656432643061313336623337326462353233
62323731393237356532373733366564353361353935323237616435633439366538353936303863
63626166333533636234383861383430313933613464363832626434613433663131663335366334
30626333653864613834323034346132383761646664653162346334333136386537626535663462
36346563353730626261336435396134646337373132366336333331303362346633653034656631
31643364623439666665646362306164383032653032633766373837363532636265333339343037
64633738653133326634623961363335623430353561383933346562336464626266383732333932
63633330393033303766323137376435343138326363643130326133613832306239313062633663
30636439396139383533653261663530613836386134376137373534333865653635656633613133
62633733313064393632333563636665383239663639393261616362623934316631653164336162
38383862306430646365323631626234643364363033306365353964633231396232313237633232
63356364663038383961333934363734616132373231326665313762633432333263316565636633
31313435636331646363366463616537323037316463653732316538663137613361643633373032
66623464366531623439656466323030373266396138643331666463316236316333336364393533
37313061633236353632353635643734306461343638346131323164333133386535323539633631
39383938663062663965333030656538323634316533623530623338393961366163333030356666
61346566326335323433666135396234323930626234363437313931363661663661366138303039
62613666383434356139643730393464626263633362393966656238336366333336623965666138
35393262353935366462373832353562346531313761653935633861663163363537356436623235
32633862666231646566313164653136363061616136646138373832623731643830666463313864
36396431636239626261623638356536336366326539353338613535373231363739343865633131
62656239643161613261346339636138623231646664393533323330613034323231656266363735
66356562386361663430653964306234663137616431343231653931333935353062356535376562
3863
