$ANSIBLE_VAULT;1.1;AES256
66303463376134383935303130613930636135643134386535356132323863323266653935373738
3438306136346438396434396665633865353763393831380a663839636139623764353339376534
33353030343535323236316230363562343966306165613333363739653235306365383363323330
3635643434656538370a333437623333396665643338316438643233356563633638303938306666
37396638333461366135633766623737663432366562663365663738373366653761353731363738
39643064393039663431663537626133353463363161626637613264396666656538636331316337
36366331616639653233363436666139386133383638316534303631356439616562346263373538
64346366653333366162363136333834386635656432303335616266633337663931363331346332
61373832393462373231663230646261613238333337383832633664343566353934623439306236
33636335373766393531623936623435366465303662326534663962343963633230303133376665
63363433363734336163323963316333663439343231363830616561393733356134336363356363
61326231636166636532383433633365333366373433613039336438333234663337343338666265
32323130643965336638306661666538383330326536623138396332336266643936653862336263
37303134653636356365316561376563383235366639323265623935376163353566393565643461
64626335656232666238643832346363366437333331313030653562636462333738666530303638
33643363373635313731353438316264653339643465363966336436303062623732393135643333
38633339636438343664383361653231363230383738636333393330313336353233303332623037
63303333356664323433316365316339323436353635313461373364376564663235636330323034
39626333643333363463613931663363613164613139336535323437656137646535316537316462
34373864363537666163316464343165353263373531363735663837313266373939656161393935
35323132633333643062343735623134613061333137636365313533616465353033336161346134
66333132313463376138366164343736653864663566336237656534636634383265343362623430
31363236656230336139633532653830393938373966376263313233353737356336313932623534
34306333383262363466313935616335626235616234306164636233376566653531313334636562
31613563383232613633306136623764313938353365643130653235396563386331306132643833
61323638303965653762643130363363656536353237643061633638316437633239653561386238
37623461316262643437333431316431346638396331353037333835643730663562346232633531
62393233373938636265363066633566313366313962303334626439666630383133333131383062
65663334376434353662356239353137386165646662333739656434393531613834353065656466
36316233393361386265643632653837343963376433333635636363643165346232396261306330
63643833613333343361383464303236643039363561353964373639303838616564636335383964
66643436623935623939613132656561626262653535353437626562663965323337376232613466
3333
