$ANSIBLE_VAULT;1.1;AES256
32326534343966333466383662333436376439323665616636303763633762326463326631633366
6562343236323837383662393334643564663738356432620a393033633066363864636561646539
34376564306431353834303938613331656637633239326463646531393565383534643866666538
6139666330346139620a626465343463356663393365303235306232316430373565383236363238
66306464663638646164383766333935356137373333643935653930343935393334343333633237
31663731363336353030393962663931386261356436623761383964316638626635393239343334
38326335666566363635353534626362326432646630356363623537343130366662613365636634
65346530656166653532393933613738653265616164326631646630633761346636356362393236
30313162316530653966353761653663376665623438323134386437343666386164333064663038
66396431396362336338323631333933333533323864393234666631633364353964336338633766
63326663376432303533396165643163366530393430346135373230343233313338396636663631
66616132373032396466653938313238633431386538393134646333376235366631623937346163
31326661653834346330393730306633353662616630626330653761373836343032393630643466
30663536643835323339626535373562626261643435656531393736646264313830663763396435
38613738323637663732663732643764613063643931366434386165393062663761663163333938
31353933303030366435323034376462353864383766303162666666663238396464356561646632
34663530393662633130633765396237316136373233663166653635633266626434303961623965
30323535656564643961613330353361306439623631343433363466633466633339336333643330
37353335646364383634316231333633343962646462656136663235383065333532353538623735
33316539393933376663653633393832363162653633343465333261353332383134383132333061
37343238346537653231363566336537666664366639346566303837346539343039616533613764
62336639356163643136373538613339626637663836653835666334623662376239623361393135
39333137373532333136653565316362383665316166396266366132623030366635346564363938
62616262313030323332383032353439633030323939626539393033373965346134303032323837
34646131636439333262653431316533396163643332633239333837386333636237653039383966
37633038616366633161623639613539326439336565363961333263663163326638326365316263
36333261356461313963363035343565383761386664383465333736343838636562623732333032
38323964333233383730303438333330336461636636386364356634646139313363313661386263
64623033643336616630643238613131306334613863653039613833663037366532653130623866
33633534656239383362633731373734393637643365316265376134323866653433333938313438
64333432653866346534353430393762343265623036613239333333393832666163393865646365
36303461623461366531333164626463316362623136373463333130656366303339613530653161
33353466326663666565643961333265383237373031316434616666613866363963373462636633
37353163363732386532366161313864653737326263386431333331653764646135336532303565
35373865623535313562383134363238363438333538356236353635643263383936393262666662
65613935626638613263366335373462386438376638366136306430623732643363303832653864
30636130633533333230616232643437666135313966376262373739343961386462323432663639
63383138323230396537623736653034663066646331353164653338663664363066353338393930
66633334613237623631643138396664353430663033313134386135383664646230333865383533
30303739393863373364366130373832666365663336326636353632343862383637666563333566
63656135363934343732393064643435333933663532643936376638373330316264353132653734
32636566343339646138303636373233666366376464313936333333383731623531353435646430
663365626533373837393663623037663336
