$ANSIBLE_VAULT;1.1;AES256
33303066633635346332386566653034353261333162356538633531366365653433623261323564
3331653739626163306232383137393862643137366636300a366664326461356438333564393033
62653539303535343837653836333432326336343962346135376532636562363932333565373261
6535636431656630300a633039316136386663323635616563303863383562373762656336396337
32616235376637343363343839656665333133386538323164343838396262383562363533336537
30653031393535333332383861336161653730616563396166303162363065346265366239623765
61383738323936613739333266396166343064326639653538356436613762316364383733396261
35633030623833643366373031653664313561653635616637653633303333633564333761653666
39356635326639383639363865383334653637343862326430383266373739626433366534653439
33326638383035363562616335326565326132343366646238303939613266666262666364346565
66313034626266623231393962353464353163623562303736646633323838623865393030336461
38313833663035316633663263623062626233373830663031326566663161376433613132343439
39623163656132623636343534633634313566386636353230366566373864323566356337333637
33303532363638636238363566653465306665656633333337346261376336333330656362343263
38336634376637353838376137376363363863633963333738306538613061643038663130376265
33326239376137386534613236383565666238656135313631626437373962383063303232363431
63623466316163663033623130306230613765623438336231363235633131643739636231663366
34333732376238386264333136396237373338353234363738303062326137386533316538613561
65653162633637663039396634653639663833613437666265646233363932626463373664303964
61393730356634373165633933303862666137356234326335393538396263326466656134383732
63313332366662316535383664663335316265646339643330333130353464336436323064323531
36646336353261353066643532323631653339376132303739633433643232653365653334376531
39643439356165623330636434393163346535316230616261653732356539623134386561336232
32363465336564366230613266633861666137616438623138663566623066646561633231303366
32393330313962646234313661353632396461363930343363636130656163383438323434663930
30393137633666313362623231306139306466333432346535643566663330396139393037323131
38383230303233636233373665303865666332653730373936373764353034363833303265633466
32323433343532393131316565656130376564313464356239316431383937663731646262613336
39353961626562313565343536393062656463396439653464356262663061383766313330643864
33383562663734343564613439633965323738646562366161373936663239653132323865343031
33386565363337373831313966336332356164356230336565303934343436646235313132363337
64316433386465643565336234643065336461346235663061333131366162643531633333336563
38613031333631656537323461613166636437363131313664666236623331666261653762666261
32663266383063343831633930346264333230306161303335353136653762323631663264613436
35633931646130346237636365306435366139313238623563336339353666313034306563373266
65363634323864663930656664303534306434653136306133343163353138306562353466623061
31376431343566623164336263363033396664386436616131396336383837353363313036343637
38313764336466343665393332386130353037323862636330366535363632383232636264666534
35663662343431613839373166333263346632333739373764636232343433636438626130343966
63613934316139336464353564326538613665303731313363666664663831653061393233336139
32363461366235633031653739356361393538656337613964386264626339366136663537386564
32376638336433643138653639326137303830383038386539643164616164656330646439663764
66646533623938633634316564323439313736323530633263313166623566613662343465373165
65663835653561626331
