$ANSIBLE_VAULT;1.1;AES256
33303335393364323330356264313864656362336432393862363238353131383337663937356336
6166323030393961336565373163643037633938316366380a616361663661633766303261366462
37336136353231623433303636386664343536303033646366316231373030366232633338303561
3462313334376133640a373762623835393832656565366338636238613562323533653637643464
31376161336636373763653932326233653232653831326236353330666461643432343133396638
66643637643431656466343230346338303964343238356464643832346565396432626330373330
32636561323631356130616266343066663034303866396130376334386362313634306366616163
36353130353730393831363862636664386137383939373835373334323331363633626264376634
31356239323266346461636363396537363966663166363066306236613366386330333462623331
64616331633936623333646439376337613361613831666631343764353032343637306330613735
62626239363731646537343164323138623863656633666463616430363130336635303766316239
32656233363237386231386666363137353230313864636139616234666239613261653931626430
32316336303937623735373034663738616534353664323462613462666332373033356664633663
62373334353865336239333438643661333132366231336237616362666630343530623236356661
37353064323633303863323662643036633236313361353331613862353065633735623663653838
34653365636361343037376133303062336338666563343831346466353234326461646562343531
62366162363661666639326338646230636235346164326332366362353666636131616131336630
61363335313639363266623033343637653264303637623039653564323266393466373530396163
38303234396432343936313130313234636636386437663564613932396339363363646463313134
32323834343561636661303666613965633738646335343236323964613362343662343238393932
34313038653466663462393339323638393261313333363138383839303839643833343938613235
33386337616335316336613435303537616366356264356431306634623365346638343834356438
39656465333031366138666465346338653234633766356465666537326565616139653130303030
63333035373663653332363738626232623635663731373863623565653831333035643665356662
66323530313237353765646432383435323562383235613564393935313937616233313430663762
65313230303233386230663166383763366634303765666332396135383230316665343564383835
63363466666561363765363263623935623464643836663939363361333766396436343139653638
34326333633436363363636630613432363661623561393635393637373862653762623138343866
38613038393065613133326239653333623536656239663266383864323463376362613866396439
36663336376562363335316163373033313263643763376466353961616335323232363131376235
36623033663232363736383961396531313864333563613937333635393331373566343330616162
66363164326335656539383633663939643463623232653431353834643035643833396562396237
65393833643630383335656336373135633634393566616437386639326337343837646538643862
39363733623162626335333835376337643632663961343735303461313230356332623031306331
64383637366131373534393236353266356261386131353465326566303439356136313864356132
39653836623733356331386465626465646237623561383165663430333664346134343634313966
61646330663864343363386234393965346136313337313565363631376432323739316530333837
36616539643661366436346361373961643230643864316666323465303530333136653232383232
31373431663939313434326138656138613061373666626561393535636135346337353034383938
64343731613839616531653134623065623537623632303762363032383134373134653230623561
38656162626334356362366263643837313761343435386237653230636162393762636231363435
30373363306337303030393438623935613966393365333463366234636562343635393034363336
65646433373638363439313031353537306137616234633730333662633836393066666135356165
33353936653137656237356230646364613962343663626434373039316463626538376266313838
66343836393139616531663637323032313366363932396539653834373131343033
