$ANSIBLE_VAULT;1.1;AES256
35653236653731333063353039393932383634323665383065633131333137326463323339313039
3665623233376232656333623064636163373831393565370a346330353836363436633339663035
34363135636261343135663165323662633161613262353335663638373761336138663231353734
3133323262653139630a626639643965346666643166653831353366623863366438643438393932
36643662653166343965333161333333633266323132653532663663303766373566306430643633
62336338333835363631313831326262623434313432626235373464393764623034373837313038
34353439386332633266376435366132363665346261613461303164373564613931626663626538
61626136366464323536366635343264313939306462386334363736663165343734633866313839
35373130633031663738356133396634386263663934316334336132653936386231373863663535
63336138373039663138336263383038643062383830333164633538643834613563346333366666
38303832643165313730363736643137343338306633383663383330653463363932333262663337
61666335303534333138613338636333333566653739386630633935343738653065636239313239
38623431353530396533356162323636646363386231363633303930633738656666393332663537
31386165666234636161386263616466643130613437623562323266353838326131363730383133
30653437353564373030653566363036363862633130386161303636343230313764323465613230
33343831383862313436353338663666666236306238333063346338613332363830626362393330
35383665346436313632353364306130366337386666663364326332303138333038636635613534
32323130313765653335383332356236396564653232393164343731656531623538366363633832
62326665363237356136666134303136353838323835363363366235316266373565616263343132
39326334356264323231396337343766353265643166643133353961623264653032666262663434
33633038316534333535313134356337653333323365346461643162343838656432303837626630
63323835656333336161306566646166636232623639633038386639353331303166613362636461
36646665656134346164333565373664303431383532663033616662643035646633343766386564
63626662626531303631653864626264303063386534396133343635663737383131383039303637
31663739323938326339306337373931336530323138366561313039666536633764666636353763
31353634333965626162393537303730323065333765306165636334626435393236633337306432
62636439303331636263666565306139306335363638306462633461316431313464336232396465
65656232623430386438326135333435316236326435316436616136336533656366323739653939
64663064326235363931383165326264306462623065626662616537326634393061623366353136
65366463373333623231633636393234303362663665356438353366343634386339316537396363
356461353462616131633166616133306263
