$ANSIBLE_VAULT;1.1;AES256
66613036366637653230393735363937643165663133633661356162623032323562643733656131
6333386662386466346438646462376162343363306636650a656630383166616236656665623664
63383435336632653763653164323661636439346432653134653765633762353963363235306135
6161333331333837650a343138663339393636313538396137646161656134353838373839383439
38393438646539356164613133616632646166346366653330353438336338373939663966383563
37363432363366363337643463353764633565376434383831333935616234666339326632626135
30373035666138316565363932373664633362623261373234623866303338633162646638303931
63313338623837306139633062386439313436386331323136316637303736383330333233336234
64613365623631666237396335616135313239306332653530333434383733383937303731373036
31396334656362363932656535653637303333333364353963363634626566313638376339346564
31396333633535303330646632386461623631366466633366313561623331326535623662313134
61646363666363343463636539663235306133313233366336336635656238356537643461353137
31643438323136333637346366363732383530373836663865366531663763386638363236346631
66663136633437373563363534306138376162636539666265663137326139356365613234363633
61623637333637323537393639636265353332383362633632303733346330616235633963336265
38623538363963656433333237383230363439306439646564623437666265653866383030326665
37623937353034363862633361333435353837633136393236626430653263636234346436373638
31646138653537643863353763613530326534363632323864353037336231346332376236376664
65336134386263393731313033373837643465323964613538623466623734306534386261623661
64376364663734333364363063306462633538356566313662666431323435616632633763353563
31316161303536363964333439376564323437383237613063363331626439346164343763633435
36333362633262343836633066343333663037336166613962636565303365373239626431383434
30303462306133656565643666393263363139303937353433356333356162363765323430323632
39393532663433303635323536333963623734353061643336613839336231663035663662653062
61643164336235616131373436623231626232643237376438356330346236383362353538363038
33356661303766316633313132353836306565376466373265303437663262303936323962393661
61356261396662386663373531393137383932313531633661326136303837636632313734663430
37356561373638623732356131336464633931616666333664633564623761356361373531336136
61663839303831323063333434303032373730396462303134373336333339646537333733633639
32613239363864636639313536376533636631393263323534386635363364333562623731356539
35326630366566643435366633393133333365316562653332383662666230333435353662356436
33323363333964313531333330613835326230373865636261666362633133613166396539303333
33393134653063383639353063393438396661303539623763336461663837663134363338336630
63646364636665666264326631643439346432303936383966353633366261316137313531306262
35313561623939666337626666333536656238313031373232633263343830313030333531633261
36613737333563306333626131646233386639323833323734376634333530333462656264373161
3731
