$ANSIBLE_VAULT;1.1;AES256
36383036663862376662636431366165663534633038633932336530623661393338303964633066
3032646437323337373835623838373631323232383264330a336336313130316330343163616335
65646261373438636134383636316462653065343061323961626233396131663630353563376237
6637323364336130660a633334356538326162616665646234383662333962326436393837636237
31636636383866623032396363336638383636353062386239656237376266653532653462633961
36393338306433663735373762653765353035316630643133313732663134386331333232396635
34326564373231653535313563336130616661633336363732363637653239336363643133616530
66363937303730313439343466646231353338626362316336313836303530383663636263656334
31313665636434313532313836336330346165373063356232363930626662386464643935643364
37353237303964356566613763666563316136616364353333306531313861303466346263353737
36323664393336326466313434336564316661303337656263303230393331333138363535313466
34636230303533343565353933343138666262613632323765663964303838386630316438333134
33333532323764386362323664393234346636613464363036626662623134326261376463353935
66366632663063346134323732306533366535363231633463623566316239626139383433653935
38383731343666393438343662373936636464326361653931376232616361613464336335356638
39393262613235353132386237343332353131626663633065666539636164303236386566616137
36313662353738633434336232616234346663303761653265373334643339663634636433643534
32653835363237346637363232653862613939623130323139373165356463633439353339656136
35646232353263373164376137613961383064653933616132626562656132333734653833626433
62626331396633656335383433613662326532373462333564633164613366323332626631343936
63383039383431666537333834633937313266333539663763323435353566303966626333646239
64626363366435326137653338353264346262313061313639616336626334343566373736333937
30626533313936653364316463346533323832303035613765383864346338336665393261356431
30326137353636333830363331653466333131363030623333303465383733633864626365376637
37393736353433356566353436633739616535303465636532623961386464366561623539616434
65326630343738656666393462316235323263626236623733663866636436653964663166363931
39623833386134303637313434613361613962316334313039376563343662363366633239666437
31323636623731373236303136663565303664316432393965306130363838366231376332363263
39663232363638323532373132393261396137383333666132653032383638306461616436633331
31356438383839316464303430336435626433366133616364333435363861326338343362373761
65376466306430653138653661356530303235396333616236623961666538663039623136643531
65376239613866366135663865663133306531376538316333333565623639393061646131316538
64313466613339663964383332356335383637373839303130333266393162653233373431323136
66656338616639386637316261643830393637643139363735326164656332333937363836633338
64623861643164633262323732633538623864626466316161636436643735326332613065653764
39633963363038653161373663396631623937313832643763643933326439363033356137623764
6261
