$ANSIBLE_VAULT;1.1;AES256
32393730303834623862663435626562326438343861616266373930633762376334663762646163
3538663364393934323530663363353866623462373465390a343430343539343134383733336162
37663563633635336432656237393734613139376338383239626534396234313361356131383066
3034383764333266320a336335623037333334656333633630663236636639346334613734656632
31646633613136656130386263633961326639363661353638666232373238366230306532346563
37663961393934366165616138393563393633316237633334353862623336303633373938343536
65303661393739383735353664626666303539336564336166373266373435626164616566306335
65303561383637396335633939386135376536663739376233383937383538633630663833363338
32303638363336326534336362623636333161663763326563653164376230333130383566623464
34396336633362376339393535613166393465376166303839346366633536333139613539643262
31323261646130666164303734396361623238333465393433666533336163616464316264396566
66636461646238343462613666653365613234663931313730613230313731303432623539353964
63643530396336626535363039643265356635623238303166373439633563363832656461323266
34353139343835373737346161323938613062643935313931313434373133383730643335316232
34663064306634613265303535653664623661363139306666366362333038323534303065313030
38363336613233376636346133633266376337636261343138666536653639656431323139393763
63313334623266666339653434333639356662323236343264663665336466316164626633643237
35376631336534663832346435616239356262633464326266326239313830363962306230306339
64306664306362626538336663313164386638633237393331316363656562616136323665623366
34643638646361663635643365613962646230396436313438626436326361333636323535366633
35333430646164303461346664353535376239663436333937326430383331396531333935633364
34366234623234316463393539353931346333633533323633353566666661326333613135336136
36383038353939633565373662633530346263633266373331633131323434373731376164393264
30386462663763356436356630343836306363363566323162376134623964383566343330303832
35633831633934336265363238353331373230616439326161636461343561313761316666333064
33643238643664386164336231316462646333663132383538653232666161333162333963626233
63613938333039646130633034346535313730623466663563306365396430383664363436393234
64333230336564616536643266623237633030373333626639373363346139663063363237373234
39323332383730346334343562663631383663393361636365383061373034323562343062643138
64363464643163353566666461343066343938373338343130303566646533656361316237353934
32393737626665353233363932373635356532656430353339306333383237386138663433356334
31363234353762633065303632363535633263636664613866326632376362396265386362656239
38633230343735313261363136313539666434316430343833376165626233376634393866346535
32323034636531636163353564393833666366656131636638336165643966373336356338373939
38616134313064393862663538343638623466383735643437613435343436313333383463626431
66643535346436666538383463363730643462666237393833373264633761636631663966356634
38313537363937383135326635316332646461343238396630636238303731646237316136353232
66333438666334393936306664316433396236623534656533666134313964343134316330343030
30653035643230336438623462393739613134346430356636326265663831613033396333313934
63646564326437363931663863373839336139396232323161396365346164616432623163366637
65636535303666353331303962363833373035373139646631633262343863356165363335666132
61313764363635313264616266306531313962393461626236313661663636663862306230363137
30356435663262393363353837363165313465623330383738616434383162626536356365323766
62373161613362646133366466663866616434623238363563366464633164333834303131306637
65356564333636376430636663326338303936386334343433633366343432663539633666393235
37623961363964616162346131663739386261323963633534343533633836343235623163653366
39653730663330616137653864383261373234626336616430303639363738636632396239383065
31626164653330353130363230343736623830356336643961633963343361393230313133373733
61643930303333613062336263363131346661623662303634393562636334353630326134316461
31393132636539343530633838623530613261303166626335346236356163346563333737643365
61663731313037323936636631313061383161643435326236343834333431633937376631383934
65363630356436383834643139363664656162626231326138633237373563633735313738303361
64626334646263623763346433613261303563396139613136363563643735383536386633323732
38313466366137663337663530303930333964313734626236633138373832323332316262636234
34623831376466646632353839386361356362333964316431613565373531323966663634393238
37363765646333373431613336353765636534336337643832353036613665643965366362313662
64336639393465633238396631383637353161633962623032613964393830303435656331643438
36623230613832653037626266333065653134656435373933353865343038346265636461623439
32373933653539323566313232393732336535353863303833383033623733393432643666346162
66643530353138383836393063316636383137306666386536346637323266653364383136396237
62623431353638303030393030323338363762373032383061326536353630313230653931666639
63663136396366316638343237306664646636353736663961333032393736343837393031623162
36303038376432396337623933613231376331363830373835313761633634643231306236663130
66353637323931353564303736633331663234326664373831323835323832353639663661353463
33626161386135393963663164656261363262383562643734356639323831393964333863613062
62646331653566636666653230373234373635303332666239326165616138316261343239383834
34343437353165363932613631643263653335366265616239393765633466613665336439343836
63656339346136656230316132633362323035343064656165356433396133353336323261376365
37393036646337393432666637376161343830393037356666623836656135376264353661346364
61653434346231336665653361616366396335613862623134613534323837366233393337663761
34313630373633343934316338373536623435373561386661633036616138633236313466653536
63353930633265366530336637333538353661663137346662386534313766356463343735353430
62376134393064616364343534366561336463393230316463356237346132346539386232313164
35306464303962353435643264653430663834306263336437653461303831356338343232323131
66396337393334643136623362323163663364663138616337383535376338663266613931633730
32663261343063346539663339333033323633383833666135653539376430306131386634336438
64353938643966633637383030376336666466363636373637643861373561316233386363393133
65623765303431653364653735613835303232633539646332316231396263633437313034623566
34383431636161366561623538613364383439323465666566373066613436656233323335633961
66336530633266636237383938646563636537343562386630316164363835623530383066326635
36643164303366313436623836313332613934366366393761653538643735386130
