$ANSIBLE_VAULT;1.1;AES256
66646132616366313233306161666661626165613030616537366666313732633235366164636334
3931643032303764653937383234663161613935313239610a633837396266323337333666616165
62663061363133363532363263663961393639633866666166303333336339306435306536336538
3865316337363331640a616332383636623038323934613864336232626338636561336263373430
30353236623338323263663061613262643236393335623433346436343035323332616461653239
37643566396534376665626631623834636333663562376635373533383032623466363036313562
66383733376530346661633962316265643339373433363937333133323432313537656233353238
66646565633766303864323636663933316161633362653934353533653961613230646266303138
39336531646637643364343731396165336433333330326138333238616663383562346132303132
64613461666230313635343561636430646661323365353238396666313161393834306230646638
63353331613664653032656430386164373235346535616433643235393932646266316337383238
35303761633365656662313536376436373135313634383161316135613034663239376461646433
34323965666636313366316432303565386363626236373932353663623134636536633236353834
66623339613537633132346564623362393739316565393630316534386132616661623264366632
66323233313065363465326130363539303738643134396639306233656531373037623233666131
39346264383764663062663238326637643532646237626333663835646134313339643762616131
66626338303261363738393166356535616366666339656361323066386166393662616632386435
38386436616633626436666162316332626163343930663339333430363461366666653439653332
62363065643933363762383837636566336236386364313536633961346431636165643830646561
66343339333839376637393262663437336334393462393934333965373562346433396331643135
62616334386635383639633866663838343766626335616465373865633965663732306365363238
38343238376139643932393366623764326530396235363266346431353461653139343734366231
64343463303362636663373437353663313730383034353664333638393037653162383830393434
66373238316461333561313461393464626535383663386332393433393866633638633662666463
63643162346431663032303364636131383862656661376262313965643339643636303364356531
62373738373739386338326331653964643537313733376536346632306464326361616335343661
36656334323761646362316366386439613534396461343331353335346131343464316339343333
31383431336136333738393232356138633163643435303833363565303636613233666262393432
32323438363935323564656666313931333338343464323133386535396638303632353764663834
34373565376161346661306132343137343739373433663330636436393862343138366238343239
35346137356461353766383563646164396239383630616432643064363164333034626332643235
35633533333630643131646132656261656636633862303339396534303865363037306539636437
62383164663765633339643862363137323463633236363739393739383764343937666436646634
66383039343262623364633261336434613133653061633733626331393936376136623763616662
65653038336637636465633561303431366436396363343537633133343264353330323035663364
30356539303638363932336265626632353235666538636133653263356365313930333065626331
36336264343064316331383564653134613836663636623137633166666665633764393261376533
62623765356138333530353134643533623662666464613766313661306362366131643964303137
36326166623864653234343137656663323636383165393463373238616566336331643462343663
62656661653731336332613136383361393861383330326431636332316430633666666632666666
38656635313934346439383266333364386666356464633839636565386330633634363537353465
35653065633334346337303361383535663866383335643536333534636465663739363632353635
62346561393336316430653037636166643262313135356436343034396231323730656262346264
34353362386533373934
